00000000
00000000
00000000
00000000
00000000
00000000
00000000
00000000
00000000
00000000
00000000
00000000
00000000
00000000
00000000
00000000
00000000
01000000
00000000
00000000
10000000
11101111
00011111
00000000
10000000
11101111
00111111
00000000
10000000
11111111
00001111
00000000
10000000
11111111
00001111
00000000
10000000
11101111
00001111
00000000
10000000
11101111
00001111
00000000
10000000
11101111
00000111
00000000
10000000
00000111
00000000
00000000
10000000
00000011
00000000
00000000
10000000
00000001
00101110
00000000
10000000
00000000
00101110
00000000
01111100
00000011
00101110
00000000
01111100
00000011
00101110
00000000
01111100
00000111
00101110
00000000
01111100
00000111
00000000
00000000
01111100
00000011
00000000
00000000
00000000
11010101
11101111
00000111
00000000
11010101
11101111
00000111
00000000
11010101
11101111
00000111
00000000
11010101
11101111
00000111
00000000
11010101
11101111
00000111
00000000
11010101
11101111
00000111
00000000
11010101
11101111
00000111
00000000
11010101
11101111
00000111
00000000
11010101
11101111
00000111
00000000
00000000
00000000
00000100
00000000
00000000
00000000
00000000
